-1 -1 -1 -1 -1 -1 -1 1 -1
-1 -1 -1 -1 -1 -1 -1 1 -1
-1 -1 -1 -1 -1 -1 -1 -999999999 -1
-1 -1 -1 -1 -1 -1 -1 1 -1
-1 -1 -1 -1 -1 -1 -1 3 -1
-1 -1 -1 -1 -1 -1 -1 1 -1
-1 -1 -1 -1 -1 -1 -1 1 -1
-1 -1 -1 -1 -1 -1 -1 1 -1
-1 -1 -1 -1 -1 -1 -1 1 -1
-1 -999999999 -1 -1 -999999999 -1 -1 1 -1
-1 -1 -1 -1 -999999999 -1 -1 1 -1
-1 -1 -1 -1 -999999999 -1 -1 1 -1
-1 -1 -1 -1 -1 -1 -1 1 -1
-1 -1 -1 -1 -1 -1 -1 3 -1
-1 -1 -1 -1 -1 -1 -1 1 -1
-1 -1 -1 -1 -1 -1 -1 1 -1
-1 -1 -1 -1 -1 -1 -1 1 -1
-1 -1 -1 -1 -999999999 -1 -1 1 -1
-1 -1 -1 -1 -1 -1 -1 3 -1
-1 -1 -1 -1 -1 -1 -1 1 -999999999
-999999999 -1 -1 -1 -999999999 -1 -1 1 -1
-1 -1 -1 -1 -1 -1 -1 1 -1
-1 -1 -1 -1 -999999999 -1 -1 1 -1
