 -999999999 1 1 1 1
 -999999999 1  -999999999 2 
 -999999999 2  -999999999 1 
 -999999999 2 3 3 
 -999999999 2 3 4 1
 -999999999 1 3  -999999999 1
 -999999999  -999999999  -999999999 4 1
 -999999999 1 1 1 
0 2 1 5 1
0 2  -999999999 6 1
 -999999999 2 3 4 1
 -999999999 1 1 7 
 -999999999 1  -999999999 4 1
0 2 1 8 1
 -999999999 2  -999999999  -999999999 
 -999999999  -999999999 4 9 1
 -999999999 1 1 1 1
 -999999999 2 3 4 
 -999999999 1  -999999999 10 1
 -999999999 2  -999999999 1 
 -999999999 2 3 4 1
 -999999999  -999999999 5 5 1
 -999999999 2 1 11 1
